StreamSets
Software AG
Microsoft
BMW
Audi
Volkswagen
Skoda
Seat
Porsche
Mercedes
Tesla
Toyota
Lexus
Opel
Ford
Honda
Fiat
Citroën
Peugeot
Renault
Mazda
Moto Guzzi
Suzuki
